  scen     K        N   BS |   anchor    rival     hbec      off | rv/hbec  rv/off
  real   512   131072    1 |    25.07    10.58    11.04    10.62 |   0.958   0.996
  real   512   131072   16 |    26.12    13.84    14.07    13.72 |   0.984   1.008
  real   512   131072   64 |    29.37    32.39    32.39    32.46 |   1.000   0.998
  real   512   131072  256 |    87.80    59.68    59.52    59.53 |   1.003   1.002
  real   512   131072  512 |   175.06   104.47   104.63   104.29 |   0.998   1.002
  real   512   262144    1 |    39.06    15.32    14.37    15.14 |   1.066   1.012
  real   512   262144   16 |    40.40    18.93    17.93    19.00 |   1.056   0.996
  real   512   262144   64 |    51.70    93.51    93.47    93.74 |   1.000   0.998
  real   512   262144  256 |   154.14   103.79   103.72   104.16 |   1.001   0.996
  real   512   262144  512 |   307.03   191.26   190.93   191.45 |   1.002   0.999
  real   512   524288    1 |    62.84    20.62    18.20    20.06 |   1.133   1.028
  real   512   524288   16 |    64.90    26.25    22.39    26.14 |   1.172   1.004
  real   512   524288   64 |   109.36   141.71   129.60   142.37 |   1.093   0.995
  real   512   524288  256 |   280.40   445.73   359.08   445.61 |   1.241   1.000
  real   512   524288  512 |   601.10   844.45   674.96   845.54 |   1.251   0.999
  real   512  1048576    1 |   117.21    31.80    27.03    31.77 |   1.176   1.001
  real   512  1048576   16 |   131.20    43.72    34.32    43.75 |   1.274   0.999
  real   512  1048576   64 |   203.25   272.85   197.32   272.55 |   1.383   1.001
  real   512  1048576  256 |   528.61   858.71   561.23   857.90 |   1.530   1.001
  real   512  1048576  512 |  1166.23  1642.92  1093.07  1640.27 |   1.503   1.002
  real  1024   131072    1 |    25.89    10.98    11.59    11.06 |   0.948   0.993
  real  1024   131072   16 |    27.08    14.01    14.23    14.01 |   0.985   1.000
  real  1024   131072   64 |    29.91    33.66    33.56    33.62 |   1.003   1.001
  real  1024   131072  256 |    90.12    59.81    59.84    59.87 |   0.999   0.999
  real  1024   131072  512 |   176.88   105.55   105.47   105.35 |   1.001   1.002
  real  1024   262144    1 |    38.50    14.83    13.84    14.52 |   1.071   1.021
  real  1024   262144   16 |    40.30    18.69    17.33    18.72 |   1.078   0.998
  real  1024   262144   64 |    50.26    93.54    92.14    93.51 |   1.015   1.000
  real  1024   262144  256 |   156.67   103.94   103.90   104.00 |   1.000   0.999
  real  1024   262144  512 |   306.89   191.34   191.56   191.16 |   0.999   1.001
  real  1024   524288    1 |    66.15    20.99    18.51    20.64 |   1.134   1.017
  real  1024   524288   16 |    68.28    27.43    22.84    27.39 |   1.201   1.001
  real  1024   524288   64 |   112.57   145.03   130.76   144.73 |   1.109   1.002
  real  1024   524288  256 |   287.44   463.29   369.93   464.18 |   1.252   0.998
  real  1024   524288  512 |   604.92   877.25   682.60   879.01 |   1.285   0.998
  real  1024  1048576    1 |   120.81    31.29    26.31    31.45 |   1.189   0.995
  real  1024  1048576   16 |   134.87    42.99    34.48    43.00 |   1.247   1.000
  real  1024  1048576   64 |   206.83   272.45   193.07   272.29 |   1.411   1.001
  real  1024  1048576  256 |   535.60   849.34   561.85   846.05 |   1.512   1.004
  real  1024  1048576  512 |  1163.03  1644.78  1065.13  1642.76 |   1.544   1.001
  real  2048   131072    1 |    34.65    13.37    15.21    13.34 |   0.879   1.003
  real  2048   131072   16 |    35.72    17.56    19.29    17.55 |   0.910   1.001
  real  2048   131072   64 |    38.67    37.28    37.21    37.24 |   1.002   1.001
  real  2048   131072  256 |   139.37    62.73    62.81    62.88 |   0.999   0.998
  real  2048   131072  512 |   264.92   113.48   113.72   113.57 |   0.998   0.999
  real  2048   262144    1 |    52.54    16.52    17.74    16.49 |   0.931   1.001
  real  2048   262144   16 |    54.13    21.44    23.36    21.51 |   0.918   0.997
  real  2048   262144   64 |    61.59   104.68   104.31   105.19 |   1.004   0.995
  real  2048   262144  256 |   252.08   106.89   106.48   106.59 |   1.004   1.003
  real  2048   262144  512 |   488.83   197.87   197.62   197.92 |   1.001   1.000
  real  2048   524288    1 |    85.98    22.07    21.13    22.12 |   1.045   0.998
  real  2048   524288   16 |    88.06    29.21    26.43    29.10 |   1.105   1.004
  real  2048   524288   64 |   140.81   154.38   137.59   154.59 |   1.122   0.999
  real  2048   524288  256 |   463.34   500.55   403.93   501.98 |   1.239   0.997
  real  2048   524288  512 |  1009.68   950.34   762.02   952.05 |   1.247   0.998
  real  2048  1048576    1 |    93.01    33.12    32.26    33.11 |   1.027   1.000
  real  2048  1048576   16 |   101.34    45.43    44.62    45.38 |   1.018   1.001
  real  2048  1048576   64 |   145.24   276.83   213.21   276.64 |   1.298   1.001
  real  2048  1048576  256 |   382.60   869.34   752.18   868.40 |   1.156   1.001
  real  2048  1048576  512 |   823.22  1659.35  1448.12  1658.51 |   1.146   1.001
  best   512   131072    1 |    25.23    10.63    11.56    10.65 |   0.919   0.998
  best   512   131072   16 |    26.27    13.95    14.59    13.81 |   0.956   1.010
  best   512   131072   64 |    29.43    32.30    32.26    32.28 |   1.001   1.001
  best   512   131072  256 |    88.47    59.55    59.62    59.50 |   0.999   1.001
  best   512   131072  512 |   179.00   104.35   104.48   104.32 |   0.999   1.000
  best   512   262144    1 |    36.72    15.29    14.25    15.03 |   1.074   1.018
  best   512   262144   16 |    38.02    18.94    17.82    18.91 |   1.063   1.002
  best   512   262144   64 |    49.63    92.19    91.97    92.20 |   1.002   1.000
  best   512   262144  256 |   151.60   103.81   103.82   103.72 |   1.000   1.001
  best   512   262144  512 |   310.62   191.14   191.06   191.42 |   1.000   0.999
  best   512   524288    1 |    64.38    20.47    18.17    20.14 |   1.126   1.016
  best   512   524288   16 |    66.28    26.02    22.34    26.08 |   1.165   0.998
  best   512   524288   64 |   110.87   141.24   128.53   140.75 |   1.099   1.003
  best   512   524288  256 |   281.95   444.08   358.60   446.38 |   1.238   0.995
  best   512   524288  512 |   603.28   845.48   672.23   843.70 |   1.258   1.002
  best   512  1048576    1 |   116.60    31.82    26.90    31.81 |   1.183   1.000
  best   512  1048576   16 |   129.76    43.77    34.57    43.74 |   1.266   1.001
  best   512  1048576   64 |   201.85   274.28   195.38   273.81 |   1.404   1.002
  best   512  1048576  256 |   528.94   856.68   561.27   857.32 |   1.526   0.999
  best   512  1048576  512 |  1164.33  1643.36  1091.89  1636.14 |   1.505   1.004
  best  1024   131072    1 |    26.65    11.17    11.80    11.21 |   0.947   0.997
  best  1024   131072   16 |    27.89    14.22    14.51    14.26 |   0.980   0.997
  best  1024   131072   64 |    30.69    33.64    33.57    33.59 |   1.002   1.002
  best  1024   131072  256 |    91.31    60.04    59.82    59.84 |   1.004   1.003
  best  1024   131072  512 |   186.63   105.43   105.42   105.53 |   1.000   0.999
  best  1024   262144    1 |    41.26    13.73    13.07    13.84 |   1.050   0.992
  best  1024   262144   16 |    42.88    17.92    16.16    17.82 |   1.109   1.006
  best  1024   262144   64 |    53.80    87.67    88.24    88.28 |   0.994   0.993
  best  1024   262144  256 |   159.80   103.62   103.51   103.59 |   1.001   1.000
  best  1024   262144  512 |   327.43   191.07   191.34   191.17 |   0.999   1.000
  best  1024   524288    1 |    68.43    21.08    19.19    21.17 |   1.099   0.996
  best  1024   524288   16 |    70.96    27.82    23.23    27.78 |   1.198   1.001
  best  1024   524288   64 |   115.30   148.56   133.27   148.87 |   1.115   0.998
  best  1024   524288  256 |   290.51   474.89   373.96   474.71 |   1.270   1.000
  best  1024   524288  512 |   621.07   902.06   703.98   902.90 |   1.281   0.999
  best  1024  1048576    1 |   119.17    30.74    25.54    30.93 |   1.203   0.994
  best  1024  1048576   16 |   138.48    42.90    33.57    42.79 |   1.278   1.003
  best  1024  1048576   64 |   204.87   268.80   189.85   268.33 |   1.416   1.002
  best  1024  1048576  256 |   531.68   834.22   549.78   836.65 |   1.517   0.997
  best  1024  1048576  512 |  1173.55  1606.00  1068.83  1603.35 |   1.503   1.002
  best  2048   131072    1 |    30.06    13.39    14.76    13.36 |   0.907   1.002
  best  2048   131072   16 |    31.19    17.57    18.54    17.59 |   0.947   0.999
  best  2048   131072   64 |    34.09    36.38    36.26    36.38 |   1.003   1.000
  best  2048   131072  256 |   118.11    61.40    61.26    61.27 |   1.002   1.002
  best  2048   131072  512 |   224.88   110.63   110.57   110.78 |   1.001   0.999
  best  2048   262144    1 |    45.22    16.67    17.31    16.71 |   0.963   0.998
  best  2048   262144   16 |    46.83    21.96    21.73    21.98 |   1.010   0.999
  best  2048   262144   64 |    54.34   105.77   102.26   105.74 |   1.034   1.000
  best  2048   262144  256 |   209.14   106.80   106.73   106.83 |   1.001   1.000
  best  2048   262144  512 |   423.04   198.44   197.83   198.18 |   1.003   1.001
  best  2048   524288    1 |    74.65    22.95    22.79    22.95 |   1.007   1.000
  best  2048   524288   16 |    76.76    30.83    30.12    30.87 |   1.024   0.999
  best  2048   524288   64 |   121.43   159.78   144.93   159.81 |   1.102   1.000
  best  2048   524288  256 |   378.02   527.41   484.87   527.67 |   1.088   0.999
  best  2048   524288  512 |   842.69  1013.46   934.25  1000.93 |   1.085   1.013
  best  2048  1048576    1 |   135.72    32.95    29.87    33.07 |   1.103   0.996
  best  2048  1048576   16 |   141.11    45.91    40.61    46.00 |   1.130   0.998
  best  2048  1048576   64 |   223.85   277.07   204.66   277.10 |   1.354   1.000
  best  2048  1048576  256 |   710.84   876.29   612.98   875.77 |   1.430   1.001
  best  2048  1048576  512 |  1595.27  1671.59  1147.49  1670.86 |   1.457   1.000
 worst   512   131072    1 |    19.26    10.50    11.38    10.54 |   0.923   0.997
 worst   512   131072   16 |    20.09    13.75    14.26    13.70 |   0.964   1.003
 worst   512   131072   64 |    23.16    32.32    32.34    32.39 |   1.000   0.998
 worst   512   131072  256 |    64.24    59.82    59.81    59.41 |   1.000   1.007
 worst   512   131072  512 |   130.07   104.51   104.53   104.28 |   1.000   1.002
 worst   512   262144    1 |    29.91    15.20    15.48    14.71 |   0.982   1.034
 worst   512   262144   16 |    30.81    18.91    20.37    18.82 |   0.929   1.005
 worst   512   262144   64 |    40.33    93.48    96.21    93.45 |   0.972   1.000
 worst   512   262144  256 |   110.27   103.54   103.68   103.77 |   0.999   0.998
 worst   512   262144  512 |   230.39   191.88   191.42   191.84 |   1.002   1.000
 worst   512   524288    1 |    51.00    20.89    19.12    20.92 |   1.093   0.999
 worst   512   524288   16 |    52.75    27.14    23.18    27.12 |   1.171   1.001
 worst   512   524288   64 |    79.96   147.52   134.46   147.34 |   1.097   1.001
 worst   512   524288  256 |   203.34   464.30   371.06   461.81 |   1.251   1.005
 worst   512   524288  512 |   420.27   880.25   702.65   881.29 |   1.253   0.999
 worst   512  1048576    1 |    91.09    31.74    27.22    31.73 |   1.166   1.000
 worst   512  1048576   16 |    98.30    43.72    34.80    43.70 |   1.256   1.001
 worst   512  1048576   64 |   142.02   275.84   196.99   275.20 |   1.400   1.002
 worst   512  1048576  256 |   371.26   852.00   564.09   854.57 |   1.510   0.997
 worst   512  1048576  512 |   798.61  1640.66  1091.86  1637.63 |   1.503   1.002
 worst  1024   131072    1 |    20.51    11.66    13.06    11.71 |   0.893   0.996
 worst  1024   131072   16 |    21.45    14.95    16.56    15.00 |   0.902   0.996
 worst  1024   131072   64 |    24.27    33.80    33.73    33.82 |   1.002   0.999
 worst  1024   131072  256 |    67.33    59.80    59.90    59.88 |   0.998   0.999
 worst  1024   131072  512 |   138.67   105.82   105.55   105.95 |   1.003   0.999
 worst  1024   262144    1 |    30.58    15.39    14.50    14.89 |   1.062   1.033
 worst  1024   262144   16 |    31.80    19.16    17.95    19.27 |   1.068   0.994
 worst  1024   262144   64 |    40.38    95.83    94.56    95.98 |   1.013   0.998
 worst  1024   262144  256 |   113.52   104.08   104.10   104.03 |   1.000   1.000
 worst  1024   262144  512 |   237.58   191.38   191.51   191.27 |   0.999   1.001
 worst  1024   524288    1 |    50.80    21.11    19.59    21.16 |   1.077   0.998
 worst  1024   524288   16 |    52.85    27.73    23.69    27.67 |   1.171   1.002
 worst  1024   524288   64 |    80.38   149.63   135.64   150.38 |   1.103   0.995
 worst  1024   524288  256 |   205.65   476.99   392.18   477.97 |   1.216   0.998
 worst  1024   524288  512 |   428.09   908.18   732.69   907.32 |   1.240   1.001
 worst  1024  1048576    1 |    90.92    31.74    26.72    31.81 |   1.188   0.998
 worst  1024  1048576   16 |    98.32    43.80    34.59    43.72 |   1.266   1.002
 worst  1024  1048576   64 |   142.14   274.31   196.67   274.18 |   1.395   1.000
 worst  1024  1048576  256 |   373.61   852.74   563.58   854.18 |   1.513   0.998
 worst  1024  1048576  512 |   805.69  1640.17  1093.86  1643.15 |   1.499   0.998
 worst  2048   131072    1 |    22.73    13.24    14.85    13.27 |   0.891   0.997
 worst  2048   131072   16 |    23.50    17.41    18.73    17.48 |   0.929   0.996
 worst  2048   131072   64 |    26.45    36.40    36.26    36.28 |   1.004   1.003
 worst  2048   131072  256 |    74.55    61.29    61.24    61.29 |   1.001   1.000
 worst  2048   131072  512 |   147.63   110.79   110.60   110.58 |   1.002   1.002
 worst  2048   262144    1 |    34.62    16.67    17.61    16.66 |   0.946   1.000
 worst  2048   262144   16 |    35.80    21.83    22.54    21.84 |   0.969   1.000
 worst  2048   262144   64 |    43.91   106.96   104.02   107.11 |   1.028   0.999
 worst  2048   262144  256 |   126.05   106.76   106.66   106.56 |   1.001   1.002
 worst  2048   262144  512 |   245.12   198.43   197.86   201.37 |   1.003   0.985
 worst  2048   524288    1 |    53.84    23.02    24.24    23.09 |   0.950   0.997
 worst  2048   524288   16 |    55.45    30.73    34.18    30.84 |   0.899   0.996
 worst  2048   524288   64 |    83.09   160.91   155.04   161.39 |   1.038   0.997
 worst  2048   524288  256 |   214.96   527.57   557.02   528.24 |   0.947   0.999
 worst  2048   524288  512 |   458.38  1004.07  1066.80  1002.74 |   0.941   1.001
 worst  2048  1048576    1 |    94.65    32.99    30.84    32.99 |   1.070   1.000
 worst  2048  1048576   16 |   101.99    45.97    41.37    45.93 |   1.111   1.001
 worst  2048  1048576   64 |   146.26   278.71   209.55   277.93 |   1.330   1.003
 worst  2048  1048576  256 |   383.08   872.52   657.82   874.01 |   1.326   0.998
 worst  2048  1048576  512 |   852.38  1670.40  1252.44  1671.85 |   1.334   0.999

geomean t(rival)/t(hbec): {'real': 1.104, 'best': 1.112, 'worst': 1.085}
geomean t(rival)/t(off) [parity ~1.0]: {'real': 1.001, 'best': 1.001, 'worst': 1.001}
