cell                   gm      1      2      4      8     16     32     64    128    256    512   1024
flash_4k_L02        2.077   2.38   2.16   2.25   2.26   2.15   2.09   2.09   2.15   1.75   1.81   1.87
flash_4k_L22        1.863   2.07   1.91   1.99   1.96   1.90   1.85   1.84   1.83   1.67   1.74   1.77
flash_4k_L42        2.047   2.28   2.14   2.18   2.18   2.08   2.03   2.05   2.04   1.76   1.88   1.96
flash_8k_L02        1.604   1.92   1.81   1.78   1.79   1.74   1.67   1.68   1.68   1.24   1.27   1.26
flash_8k_L22        1.626   1.93   1.80   1.82   1.83   1.76   1.71   1.73   1.71   1.27   1.28   1.26
flash_8k_L42        1.648   1.94   1.86   1.88   1.87   1.79   1.78   1.77   1.74   1.25   1.26   1.25
flash_16k_L02       1.386   1.63   1.50   1.50   1.47   1.50   1.49   1.48   1.49   1.11   1.12   1.10
flash_16k_L22       1.298   1.58   1.41   1.44   1.38   1.42   1.43   1.40   1.41   1.02   1.01   0.97
flash_16k_L42       1.340   1.62   1.48   1.47   1.45   1.47   1.48   1.49   1.46   1.03   1.01   1.00
flash_32k_L02       1.011   1.19   1.10   1.10   1.11   1.10   1.10   1.09   1.08   0.81   0.79   0.77
flash_32k_L22       1.162   1.40   1.31   1.32   1.31   1.29   1.26   1.27   1.25   0.88   0.88   0.84
flash_32k_L42       1.327   1.61   1.51   1.52   1.49   1.46   1.46   1.44   1.40   1.00   1.00   0.96
flash_64k_L02       1.051   1.27   1.16   1.17   1.16   1.14   1.12   1.00   0.99   0.91   0.90   0.84
flash_64k_L22       1.187   1.51   1.49   1.41   1.38   1.39   1.36   0.99   0.89   0.98   0.97   0.95
flash_64k_L42       1.032   1.28   1.18   1.15   1.13   1.15   1.14   1.00   1.00   0.85   0.83   0.78
flash_128k_L02      1.056   1.60   1.50   1.50   1.47   0.85   0.85   0.81   0.82   0.94   0.92   0.85
flash_128k_L22      1.050   1.64   1.56   1.55   1.53   0.85   0.84   0.79   0.78   0.88   0.87   0.82
flash_128k_L42      1.356   2.04   1.88   1.84   1.83   1.10   1.09   1.05   1.10   1.20   1.20   1.12
flash_256k_L02      1.165   1.38   1.35   1.36   1.33   1.03   1.02   1.04   0.98   1.15   1.16   1.11
flash_256k_L22      1.061   1.25   1.22   1.23   1.23   0.94   0.92   0.95   0.89   1.05   1.07   1.01
flash_256k_L42      1.086   1.40   1.35   1.33   1.32   0.93   0.90   0.87   0.90   1.06   1.07   1.01
flash_512k_L02      1.323   1.74   1.63   1.64   1.04   1.12   1.08   1.11   1.08   1.43   1.46   1.47
flash_512k_L22      1.933   2.27   2.21   2.14   1.42   1.42   1.38   1.55   1.45   2.67   2.73   2.89
flash_512k_L42      1.320   1.84   1.77   1.72   1.05   1.05   1.03   1.05   1.05   1.43   1.45   1.45
flash_1024k_L02     1.484   1.91   1.85   1.76   1.42   1.27   1.27   1.26   1.25   1.43   1.52   1.58
flash_1024k_L22     1.376   1.72   1.66   1.57   1.35   1.09   1.14   1.18   1.20   1.40   1.47   1.53
flash_1024k_L42     1.395   1.84   1.79   1.70   1.34   1.08   1.11   1.13   1.20   1.40   1.48   1.54
pro_4k_L02          1.374   1.54   1.47   1.52   1.51   1.46   1.43   1.43   1.43   1.12   1.14   1.16
pro_4k_L32          2.219   2.46   2.39   2.41   2.35   2.24   2.19   2.15   2.12   1.95   2.04   2.16
pro_4k_L60          2.693   3.21   3.11   3.01   3.00   2.78   2.68   2.72   2.66   2.07   2.24   2.39
pro_8k_L02          1.950   2.26   2.14   2.16   2.11   2.14   2.10   2.09   2.05   1.50   1.55   1.57
pro_8k_L32          1.654   1.84   1.75   1.75   1.74   1.70   1.67   1.68   1.67   1.44   1.50   1.49
pro_8k_L60          1.875   2.16   2.11   2.18   2.14   2.01   1.98   1.97   1.93   1.41   1.47   1.51
pro_16k_L02         1.423   1.70   1.55   1.57   1.59   1.56   1.56   1.56   1.52   1.09   1.08   1.08
pro_16k_L32         1.375   1.65   1.53   1.51   1.52   1.50   1.50   1.49   1.48   1.05   1.06   1.04
pro_16k_L60         1.629   1.94   1.84   1.83   1.81   1.76   1.77   1.75   1.73   1.23   1.25   1.26
pro_32k_L02         1.386   1.65   1.66   1.63   1.63   1.55   1.52   1.51   1.46   0.98   1.00   0.97
pro_32k_L32         1.250   1.48   1.42   1.41   1.41   1.38   1.36   1.37   1.37   0.94   0.95   0.90
pro_32k_L60         1.233   1.38   1.38   1.38   1.38   1.30   1.29   1.27   1.28   1.00   1.02   0.99
pro_64k_L02         1.062   1.38   1.31   1.28   1.28   1.26   1.23   0.88   0.83   0.85   0.85   0.81
pro_64k_L32         1.033   1.31   1.21   1.21   1.18   1.17   1.15   0.99   0.97   0.81   0.79   0.77
pro_64k_L60         1.050   1.38   1.23   1.18   1.18   1.18   1.16   0.99   1.00   0.82   0.82   0.79
pro_128k_L02        1.247   1.76   1.69   1.65   1.62   1.04   1.02   0.98   0.99   1.15   1.14   1.06
pro_128k_L32        1.131   1.77   1.70   1.66   1.65   0.92   0.93   0.84   0.83   0.95   0.93   0.90
pro_128k_L60        1.031   1.59   1.52   1.49   1.46   0.86   0.86   0.79   0.79   0.86   0.85   0.80
pro_256k_L02        1.311   1.57   1.56   1.55   1.55   1.15   1.14   1.16   1.11   1.27   1.30   1.20
pro_256k_L32        1.249   1.49   1.49   1.49   1.48   1.12   1.08   1.10   1.06   1.19   1.23   1.14
pro_256k_L60        1.052   1.34   1.30   1.27   1.27   0.93   0.90   0.90   0.86   1.01   1.02   0.94
pro_512k_L02        1.603   2.02   1.98   1.90   1.22   1.31   1.26   1.34   1.24   1.89   1.92   1.96
pro_512k_L32        1.227   1.67   1.60   1.57   1.02   0.99   1.00   0.94   0.97   1.35   1.35   1.34
pro_512k_L60        1.513   2.01   2.01   1.94   1.27   1.19   1.18   1.13   1.11   1.74   1.76   1.79
pro_1024k_L02       1.754   2.16   2.16   2.12   1.56   1.29   1.34   1.32   1.61   1.97   2.03   2.12
pro_1024k_L32       1.243   1.86   1.79   1.73   1.30   0.76   0.81   0.89   1.09   1.31   1.34   1.39
pro_1024k_L60       1.654   2.18   2.18   2.09   1.59   1.10   1.16   1.14   1.47   1.92   1.92   2.02
v32_4k_L03          1.982   2.20   2.12   2.10   2.08   2.10   2.06   2.07   2.06   1.69   1.73   1.70
v32_4k_L22          1.870   2.16   2.04   2.03   2.00   1.99   1.97   2.00   1.95   1.51   1.55   1.51
v32_4k_L41          1.885   2.13   2.05   2.03   1.98   2.05   2.02   2.00   1.96   1.54   1.58   1.53
v32_4k_L60          1.732   1.84   1.82   1.83   1.83   1.79   1.79   1.79   1.77   1.54   1.56   1.54
v32_8k_L03          1.227   1.41   1.39   1.39   1.43   1.39   1.37   1.37   1.38   0.87   0.87   0.88
v32_8k_L22          1.292   1.45   1.44   1.42   1.45   1.42   1.42   1.42   1.41   0.98   1.00   0.99
v32_8k_L41          1.197   1.32   1.32   1.29   1.33   1.29   1.30   1.30   1.30   0.94   0.95   0.95
v32_8k_L60          1.412   1.66   1.65   1.64   1.66   1.62   1.60   1.59   1.58   0.96   0.99   0.96
v32_16k_L03         1.063   1.22   1.19   1.18   1.16   1.18   1.11   0.98   0.91   0.94   0.95   0.95
v32_16k_L22         1.114   1.25   1.25   1.24   1.25   1.23   1.17   1.13   1.10   0.90   0.91   0.92
v32_16k_L41         1.320   1.51   1.47   1.48   1.48   1.46   1.42   1.16   1.10   1.19   1.20   1.15
v32_16k_L60         1.319   1.60   1.57   1.56   1.58   1.55   1.45   1.16   1.02   1.10   1.11   1.05
v32_32k_L03         1.107   1.61   1.58   1.58   1.57   0.89   0.89   0.80   0.89   0.97   0.95   0.93
v32_32k_L22         1.061   1.46   1.44   1.44   1.42   0.87   0.87   0.79   0.89   0.95   0.95   0.93
v32_32k_L41         1.058   1.57   1.55   1.54   1.53   0.86   0.86   0.79   0.82   0.90   0.89   0.86
v32_32k_L60         1.399   1.96   1.91   1.94   1.91   1.12   1.11   1.02   1.14   1.28   1.27   1.24
v32_64k_L03         1.084   1.44   1.43   1.43   1.41   0.91   0.87   0.83   0.86   1.01   1.04   0.98
v32_64k_L22         1.113   1.52   1.52   1.49   1.48   0.90   0.88   0.84   0.87   1.02   1.06   1.01
v32_64k_L41         1.025   1.42   1.43   1.40   1.39   0.78   0.77   0.77   0.82   0.95   0.98   0.93
v32_64k_L60         1.531   1.91   1.90   1.87   1.84   1.32   1.29   1.38   1.24   1.44   1.48   1.40
v32_128k_L03        1.146   1.84   1.72   1.73   1.11   0.78   0.78   0.78   0.83   1.23   1.21   1.24
v32_128k_L22        1.660   2.15   2.09   2.09   1.35   1.22   1.18   1.24   1.22   2.08   2.04   2.26
v32_128k_L41        1.276   1.80   1.66   1.67   1.08   1.02   0.99   0.96   1.00   1.40   1.40   1.41
v32_128k_L60        1.726   2.39   2.30   2.29   1.48   1.24   1.22   1.26   1.20   2.08   2.04   2.23
v32_256k_L03        1.287   1.79   1.73   1.68   1.12   1.00   0.99   0.99   1.03   1.37   1.41   1.40
v32_256k_L22        1.785   2.34   2.31   2.22   1.46   1.31   1.29   1.33   1.30   2.17   2.26   2.33
v32_256k_L41        1.345   1.87   1.79   1.73   1.16   1.09   1.08   1.08   1.06   1.41   1.44   1.43
v32_256k_L60        1.877   2.55   2.53   2.43   1.61   1.41   1.39   1.42   1.28   2.19   2.25   2.31
