ratio vs gvr_pr head (>1 = faster than head). bsx=ours(fp32,op42 grid layers); sgl/fi from op26 RIVAL_BS (own layer set)
family       arm       1      2      4      8     16     32     64    128    256    512   1024      gm
flash_4k     bsx    2.24   2.06   2.14   2.13   2.04   1.98   1.99   2.00   1.72   1.81   1.86   1.994
flash_4k     sgl    1.74   1.73   1.74   1.75   1.74   1.76   1.74   1.74   1.62   1.75   1.87   1.743
flash_4k     fi     1.29   1.23   1.22   1.20   1.18   1.19   1.19   1.20   1.12   1.13   1.18   1.193
flash_8k     bsx    1.93   1.82   1.83   1.83   1.76   1.72   1.73   1.71   1.25   1.27   1.26   1.626
flash_8k     sgl    1.72   1.74   1.77   1.74   1.75   1.76   1.73   1.71   1.64   1.72   1.87   1.740
flash_8k     fi     1.16   1.13   1.15   1.12   1.13   1.14   1.13   1.15   1.05   1.06   1.09   1.118
flash_16k    bsx    1.61   1.46   1.47   1.43   1.46   1.46   1.45   1.45   1.05   1.05   1.02   1.341
flash_16k    sgl    1.75   1.73   1.73   1.72   1.69   1.69   1.66   1.64   1.53   1.63   1.78   1.685
flash_16k    fi     1.21   1.17   1.17   1.14   1.15   1.16   1.16   1.17   0.98   0.99   1.05   1.121
flash_32k    bsx    1.39   1.30   1.30   1.29   1.27   1.26   1.26   1.24   0.89   0.89   0.85   1.159
flash_32k    sgl    1.54   1.55   1.54   1.57   1.53   1.50   1.50   1.46   1.38   1.45   1.61   1.510
flash_32k    fi     0.81   0.79   0.78   0.78   0.65   0.62   0.66   0.69   0.90   0.93   0.99   0.774
flash_64k    bsx    1.35   1.27   1.24   1.22   1.22   1.20   1.00   0.96   0.91   0.90   0.85   1.088
flash_64k    sgl    1.31   1.32   1.33   1.33   1.32   1.31   1.28   1.30   1.27   1.29   1.35   1.308
flash_64k    fi     0.93   0.92   0.90   0.89   0.76   0.74   0.77   0.75   0.93   0.95   1.00   0.863
flash_128k   bsx    1.75   1.64   1.62   1.60   0.92   0.92   0.87   0.89   1.00   0.99   0.92   1.146
flash_128k   sgl    1.41   1.41   1.38   1.38   1.10   1.08   1.10   1.10   1.13   1.12   1.12   1.205
flash_128k   fi     1.02   1.02   1.00   0.99   0.88   0.79   0.79   0.70   0.79   0.82   0.84   0.871
flash_256k   bsx    1.34   1.31   1.31   1.29   0.97   0.94   0.95   0.92   1.09   1.10   1.04   1.103
flash_256k   sgl    1.40   1.41   1.41   1.42   1.21   0.59   0.73   0.78   0.91   0.99   1.06   1.039
flash_256k   fi     1.04   1.05   1.04   1.05   0.89   0.85   0.86   0.71   0.75   0.79   0.82   0.885
flash_512k   bsx    1.94   1.85   1.82   1.16   1.19   1.15   1.22   1.18   1.76   1.79   1.83   1.500
flash_512k   sgl    1.40   1.40   1.41   1.50   1.36   0.81   0.75   0.88   1.28   1.36   1.45   1.203
flash_512k   fi     1.06   1.06   1.06   1.14   0.90   0.87   0.84   0.69   0.81   0.82   0.85   0.909
flash_1024k  bsx    1.82   1.77   1.67   1.37   1.14   1.17   1.19   1.22   1.41   1.49   1.55   1.418
flash_1024k  sgl    1.24   1.25   1.27   1.33   1.22   0.78   0.75   0.84   1.19   1.21   1.24   1.097
flash_1024k  fi     1.02   1.02   1.02   1.08   0.80   0.82   0.76   0.79   0.81   0.79   0.86   0.883
pro_4k       bsx    2.30   2.22   2.22   2.20   2.09   2.03   2.03   2.00   1.66   1.74   1.82   2.017
pro_4k       sgl    2.06   2.02   2.07   2.09   2.10   2.08   2.07   2.05   1.93   2.08   2.29   2.076
pro_4k       fi     1.46   1.40   1.39   1.39   1.38   1.36   1.36   1.36   1.23   1.27   1.36   1.361
pro_8k       bsx    2.08   1.99   2.02   1.99   1.94   1.91   1.90   1.88   1.45   1.51   1.52   1.822
pro_8k       sgl    1.84   1.88   1.87   1.85   1.88   1.89   1.88   1.86   1.74   1.87   2.00   1.868
pro_8k       fi     1.21   1.20   1.20   1.17   1.18   1.17   1.18   1.19   1.09   1.12   1.15   1.168
pro_16k      bsx    1.76   1.64   1.63   1.63   1.60   1.61   1.60   1.57   1.12   1.13   1.12   1.472
pro_16k      sgl    1.80   1.76   1.77   1.75   1.77   1.75   1.72   1.72   1.57   1.67   1.84   1.737
pro_16k      fi     1.17   1.15   1.15   1.12   1.12   1.11   1.12   1.13   0.95   0.97   1.04   1.092
pro_32k      bsx    1.50   1.48   1.47   1.47   1.41   1.39   1.38   1.37   0.97   0.99   0.95   1.288
pro_32k      sgl    1.66   1.67   1.67   1.66   1.67   1.67   1.66   1.63   1.48   1.58   1.75   1.645
pro_32k      fi     0.88   0.88   0.87   0.85   0.68   0.67   0.70   0.74   0.86   0.90   0.95   0.812
pro_64k      bsx    1.35   1.25   1.22   1.21   1.21   1.18   0.95   0.93   0.82   0.82   0.79   1.048
pro_64k      sgl    1.30   1.30   1.31   1.31   1.30   1.31   1.29   1.29   1.23   1.27   1.36   1.296
pro_64k      fi     0.92   0.92   0.92   0.90   0.74   0.73   0.78   0.71   0.76   0.78   0.83   0.814
pro_128k     bsx    1.71   1.63   1.60   1.57   0.93   0.93   0.87   0.87   0.98   0.97   0.91   1.133
pro_128k     sgl    1.38   1.37   1.38   1.38   1.09   1.09   1.10   1.11   1.13   1.12   1.13   1.200
pro_128k     fi     1.05   1.04   1.04   1.03   0.87   0.81   0.78   0.64   0.67   0.68   0.70   0.832
pro_256k     bsx    1.46   1.45   1.43   1.43   1.06   1.03   1.04   1.00   1.15   1.18   1.09   1.199
pro_256k     sgl    1.36   1.36   1.36   1.38   1.20   0.62   0.74   0.74   0.86   0.99   1.08   1.025
pro_256k     fi     1.04   1.04   1.04   1.05   0.90   0.85   0.85   0.69   0.72   0.76   0.79   0.873
pro_512k     bsx    1.89   1.85   1.79   1.17   1.15   1.14   1.12   1.10   1.64   1.66   1.68   1.438
pro_512k     sgl    1.32   1.33   1.34   1.41   1.22   0.76   0.61   0.74   0.97   1.02   1.07   1.035
pro_512k     fi     1.02   1.03   1.03   1.09   0.85   0.84   0.82   0.69   0.75   0.76   0.78   0.870
pro_1024k    bsx    2.06   2.03   1.97   1.48   1.03   1.08   1.10   1.37   1.71   1.74   1.81   1.533
pro_1024k    sgl    1.24   1.26   1.27   1.35   1.16   0.79   0.75   0.71   0.97   1.00   1.02   1.024
pro_1024k    fi     1.10   1.11   1.11   1.18   0.90   0.92   0.88   0.77   0.81   0.80   0.85   0.938
v32_4k       bsx    2.08   2.01   2.00   1.97   1.98   1.96   1.96   1.93   1.57   1.61   1.57   1.865
v32_4k       sgl    1.58   1.59   1.59   1.59   1.63   1.62   1.62   1.62   1.45   1.52   1.64   1.585
v32_4k       fi     1.31   1.31   1.30   1.27   1.27   1.27   1.27   1.28   1.13   1.14   1.21   1.250
v32_8k       bsx    1.45   1.44   1.43   1.46   1.43   1.42   1.42   1.41   0.93   0.95   0.95   1.279
v32_8k       sgl    1.62   1.64   1.63   1.64   1.67   1.66   1.67   1.63   1.44   1.55   1.67   1.618
v32_8k       fi     1.01   1.00   0.98   0.97   0.79   0.76   0.80   0.83   0.94   0.98   1.02   0.910
v32_16k      bsx    1.39   1.36   1.36   1.36   1.34   1.28   1.11   1.03   1.03   1.03   1.01   1.198
v32_16k      sgl    1.22   1.23   1.23   1.24   1.23   1.24   1.23   1.23   1.22   1.26   1.34   1.242
v32_16k      fi     1.06   1.06   1.04   1.03   0.83   0.81   0.84   0.70   0.74   0.74   0.79   0.866
v32_32k      bsx    1.64   1.61   1.61   1.59   0.93   0.93   0.84   0.93   1.01   1.01   0.98   1.148
v32_32k      sgl    1.54   1.53   1.54   1.53   1.17   1.16   1.18   1.17   1.19   1.18   1.19   1.296
v32_32k      fi     1.26   1.26   1.24   1.22   1.07   0.94   0.91   0.70   0.70   0.71   0.73   0.947
v32_64k      bsx    1.56   1.56   1.54   1.52   0.96   0.94   0.93   0.93   1.09   1.13   1.07   1.173
v32_64k      sgl    1.72   1.74   1.74   1.73   1.54   0.78   0.89   0.83   0.97   1.09   1.15   1.230
v32_64k      fi     1.36   1.37   1.36   1.35   1.10   1.03   0.97   0.64   0.63   0.65   0.63   0.958
v32_128k     bsx    2.03   1.92   1.93   1.25   1.05   1.03   1.04   1.05   1.65   1.63   1.73   1.431
v32_128k     sgl    1.28   1.31   1.32   1.37   1.24   0.72   0.65   0.76   0.98   1.00   1.03   1.028
v32_128k     fi     1.06   1.08   1.08   1.11   0.86   0.84   0.70   0.51   0.52   0.50   0.49   0.756
v32_256k     bsx    2.11   2.06   1.99   1.32   1.19   1.18   1.19   1.16   1.74   1.79   1.81   1.552
v32_256k     sgl    1.40   1.40   1.41   1.49   1.22   0.77   0.65   0.79   1.04   1.08   1.11   1.085
v32_256k     fi     1.14   1.14   1.12   1.19   0.91   0.90   0.73   0.61   0.62   0.60   0.60   0.839

OVERALL      bsx    1.72   1.66   1.64   1.49   1.28   1.27   1.23   1.23   1.23   1.24   1.23   1.372
OVERALL      sgl    1.50   1.50   1.51   1.53   1.41   1.16   1.15   1.18   1.26   1.32   1.40   1.349
OVERALL      fi     1.09   1.09   1.08   1.08   0.93   0.91   0.89   0.81   0.83   0.85   0.88   0.944
